1
0
0
0
0
1
1
0
0
1
0
0
0
0
0
0
0
0
0
0
0
0
0
0
1
0
1
0
1
0
0
0
1
0
1
0
0
0
1
0
1
0
1
0
0
0
0
0
0
0
0
0
0
0
1
2
2
4
0
1
1
0
0
0
1
2
0
0
1
0
0
1
0
1
0
1
1
0
0
0
0
1
0
0
0
0
1
2
2
2
0
0
0
1
0
0
2
2
0
0
1
0
0
1
1
0
0
1
0
1
0
1
1
1
1
1
0
2
2
3
2
0
1
1
1
1
1
5
0
1
0
2
1
0
0
2
0
2
0
1
3
1
0
1
0
2
2
0
0
1
0
0
2
1
3
2
1
1
3
2
4
1
2
1
3
1
6
1
5
0
4
2
4
3
0
3
2
8
4
4
2
3
3
2
6
2
1
4
3
2
3
2
2
1
4
3
4
3
4
3
4
4
3
3
2
1
1
4
5
2
5
4
3
6
12
3
3
2
5
7
7
3
12
7
3
7
1
9
5
4
3
9
12
6
8
9
11
12
20
18
13
10
10
12
13
9
6
3
15
10
19
15
16
17
18
16
13
10
12
21
15
22
18
15
10
14
15
11
21
13
11
7
8
6
2
4
6
12
4
5
1
9
1
4
3
0
0
1
3
3
0
1
1
1
0
0
0
1
0
1
