1
1
1
1
1
2
3
3
3
4
4
4
4
4
4
4
4
4
4
4
4
4
4
4
5
5
6
6
7
7
7
7
8
8
9
9
9
9
10
10
11
11
12
12
12
12
12
12
12
12
12
12
12
12
13
15
17
21
20
21
22
21
21
21
22
23
23
23
24
24
24
22
22
23
23
24
25
25
25
25
25
26
25
25
25
25
25
27
29
31
31
31
29
30
30
30
32
33
33
33
34
34
34
35
36
36
36
37
37
38
38
39
39
40
40
40
39
41
43
46
47
47
45
45
46
47
48
53
51
52
52
54
54
54
53
55
54
56
54
55
57
57
55
54
51
52
54
53
53
54
54
54
56
57
60
61
62
62
64
66
70
71
72
73
72
73
79
80
83
82
85
87
88
90
89
92
94
102
106
109
111
114
115
117
118
118
119
121
123
123
126
127
127
128
128
131
134
137
140
142
146
150
151
154
155
155
156
160
162
163
167
168
170
174
186
188
191
190
190
196
200
200
212
215
217
224
224
233
238
238
241
247
253
258
262
270
277
286
302
316
326
333
342
352
362
371
377
377
391
398
415
423
437
448
463
477
488
496
507
526
540
559
577
586
594
606
621
629
647
657
659
659
662
660
653
651
652
659
659
659
659
664
662
665
663
661
656
655
657
659
656
653
653
648
644
640
631
628
621
617
610
609
598
593
587
583
578
564
556
546
541
536
525
515
505
498
490
481
472
461
450
441
424
417
410
393
382
368
362
344
332
319
309
304
293
280
264
246
232
213
197
182
167
150
130
110
87
68
49
31
15
