117.0
43.0
65.0
75.0
64.0
42.0
81.0
68.0
61.0
73.0
64.0
73.0
74.0
78.0
67.0
35.0
79.0
40.0
44.0
76.0
78.0
64.0
76.0
58.0
40.0
67.0
80.0
73.0
74.0
58.0
79.0
81.0
78.0
59.0
58.0
65.0
68.0
49.0
73.0
73.0
58.0
88.0
79.0
79.0
79.0
90.0
78.0
65.0
71.0
81.0
37.0
79.0
75.0
80.0
72.0
77.0
69.0
64.0
68.0
71.0
62.0
74.0
71.0
75.0
75.0
77.0
82.0
80.0
74.0
77.0
72.0
74.0
74.0
82.0
79.0
75.0
83.0
74.0
71.0
86.0
74.0
73.0
73.0
85.0
81.0
77.0
74.0
66.0
78.0
81.0
76.0
66.0
82.0
76.0
80.0
78.0
79.0
74.0
93.0
76.0
75.0
82.0
84.0
81.0
84.0
77.0
82.0
86.0
79.0
78.0
82.0
78.0
83.0
85.0
81.0
84.0
81.0
84.0
84.0
82.0
82.0
83.0
80.0
79.0
82.0
80.0
83.0
81.0
81.0
80.0
80.0
79.0
74.0
79.0
75.0
75.0
77.0
74.0
76.0
71.0
68.0
68.0
68.0
68.0
68.0
66.0
69.0
68.0
63.0
56.0
47.0
66.0
66.0
53.0
56.0
50.0
53.0
47.0
50.0
51.0
31.0
40.0
22.0
16.0
