70.0
0
0
0
0
65.0
64.0
0
0
55.0
0
0
0
0
0
0
0
0
0
0
0
0
0
0
57.0
0
31.0
0
32.0
0
0
0
53.0
0
79.0
0
0
0
76.0
0
71.0
0
54.0
0
0
0
0
0
0
0
0
0
0
0
83.0
79.0
68.0
58.0
0
82.0
31.0
0
0
0
55.0
72.0
0
0
72.0
0
0
44.0
0
69.0
0
62.0
66.0
0
0
0
0
65.0
0
0
0
0
71.0
54.0
60.0
58.0
0
0
0
80.0
0
0
72.0
56.0
0
0
67.0
0
0
80.0
37.0
0
0
77.0
0
75.0
0
32.0
79.0
50.0
67.0
68.0
0
53.0
69.0
68.0
56.0
0
49.0
64.0
43.0
65.0
55.0
59.0
0
57.0
0
70.0
61.0
0
0
72.0
0
66.0
0
80.0
67.0
94.0
0
61.0
0
54.0
62.0
0
0
49.0
0
0
76.0
69.0
67.0
72.0
87.0
71.0
69.0
56.0
70.0
80.0
50.0
60.0
71.0
57.0
57.0
71.0
56.0
0
60.0
72.0
57.0
67.0
0
66.0
72.0
58.0
64.0
57.0
68.0
40.0
69.0
68.0
66.0
70.0
77.0
67.0
68.0
72.0
83.0
44.0
70.0
77.0
74.0
72.0
66.0
76.0
68.0
52.0
74.0
73.0
72.0
70.0
73.0
78.0
67.0
66.0
67.0
66.0
79.0
75.0
66.0
64.0
72.0
61.0
87.0
56.0
77.0
61.0
65.0
83.0
73.0
76.0
85.0
61.0
49.0
66.0
79.0
61.0
91.0
73.0
65.0
64.0
79.0
73.0
73.0
72.0
74.0
75.0
71.0
76.0
74.0
80.0
81.0
76.0
82.0
81.0
73.0
68.0
74.0
73.0
79.0
75.0
82.0
76.0
80.0
83.0
72.0
76.0
78.0
77.0
73.0
74.0
75.0
74.0
74.0
71.0
70.0
65.0
73.0
65.0
69.0
70.0
63.0
71.0
61.0
63.0
64.0
58.0
65.0
61.0
60.0
48.0
62.0
0
0
59.0
56.0
50.0
0
43.0
49.0
48.0
0
0
0
51.0
0
49.0
