1
2
2
2
2
2
2
2
2
2
2
2
2
3
3
3
3
3
3
3
3
3
3
3
3
3
3
3
3
3
4
5
5
5
5
5
5
5
5
6
6
6
7
7
7
6
6
6
6
7
7
7
7
7
7
7
7
7
9
9
9
9
9
9
9
9
9
9
9
10
10
10
12
12
12
13
13
13
14
14
14
14
13
13
13
13
14
15
15
16
16
16
17
18
18
18
19
19
20
20
20
21
22
24
25
26
25
27
30
30
31
32
35
36
36
36
36
38
37
39
39
41
43
42
41
42
43
43
46
49
48
49
50
49
52
52
53
55
56
56
57
59
59
58
58
58
62
62
63
63
65
69
70
71
74
77
79
81
81
88
92
97
101
107
111
115
120
120
127
132
132
137
140
144
149
153
155
163
169
172
178
187
194
198
201
206
210
221
228
233
239
244
254
261
267
269
272
284
295
305
316
332
343
349
370
387
411
425
444
464
483
497
515
546
574
592
617
641
663
683
706
728
769
806
834
861
887
910
923
956
970
983
999
1002
1013
1023
1040
1049
1054
1051
1058
1064
1069
1066
1063
1063
1067
1062
1061
1059
1051
1049
1050
1048
1045
1038
1032
1026
1021
1020
1015
1004
1001
999
987
981
974
968
963
954
945
936
926
915
907
902
894
880
870
862
848
840
826
809
796
779
764
754
740
724
713
699
681
664
645
617
596
585
564
543
518
501
474
452
431
403
377
351
316
289
262
227
200
172
145
123
90
44
22
